     0/799        0G    0.1073   0.06715         0    0.1744       656       640   0.01502   0.01721 0.0005487 7.835e-05    0.1413    0.1592         0
     1/799        0G   0.09736   0.06458         0    0.1619       666       640   0.05664   0.05318  0.005535 0.0008144    0.1378    0.1605         0
     2/799        0G   0.09095   0.06612         0    0.1571      1067       640    0.1198   0.08187   0.01878  0.003104    0.1339    0.1657         0
     3/799        0G   0.08626   0.06873         0     0.155       637       640    0.1101    0.1167   0.02142  0.003714    0.1299     0.165         0
     4/799        0G   0.08023   0.07081         0     0.151       789       640    0.1244    0.1262   0.02641  0.004504    0.1256    0.1777         0
     5/799        0G   0.07545   0.07184         0    0.1473       661       640     0.192    0.1373   0.05653   0.01053     0.122    0.1915         0
     6/799        0G   0.07287   0.08009         0     0.153      1012       640    0.2917    0.1828    0.1049   0.02302    0.1163    0.2061         0
     7/799        0G   0.07102   0.08054         0    0.1516       533       640     0.236      0.16   0.07662   0.01502    0.1225    0.1991         0
     8/799        0G   0.06974    0.0825         0    0.1522       963       640    0.2912     0.179     0.105   0.02201    0.1181    0.2123         0
     9/799        0G   0.06575   0.08301         0    0.1488       694       640    0.3683    0.1863    0.1295   0.02913    0.1119     0.222         0
    10/799        0G   0.06433   0.09066         0     0.155       944       640    0.3981    0.2372    0.1808   0.04549    0.1099     0.233         0
    11/799        0G    0.0622   0.09106         0    0.1533       584       640    0.3314    0.2731    0.1634   0.03968    0.1036     0.258         0
    12/799        0G   0.06107   0.09249         0    0.1536      1264       640    0.2493    0.2005    0.1003   0.01993    0.1083    0.2663         0
    13/799        0G   0.06352   0.08835         0    0.1519       295       640     0.388    0.2323    0.1662    0.0368    0.1087    0.2679         0
    14/799        0G   0.06109    0.1033         0    0.1644      1306       640    0.3468    0.3217    0.1611   0.03894    0.1001    0.2873         0
    15/799        0G   0.05904   0.09709         0    0.1561      1265       640    0.4427    0.3152    0.2257   0.06121     0.103    0.3081         0
    16/799        0G   0.05797   0.09663         0    0.1546       552       640    0.4668    0.2938    0.2426   0.06737    0.1065    0.3074         0
    17/799        0G   0.06161    0.0976         0    0.1592       442       640    0.5436    0.3026    0.2726   0.08197   0.09851    0.3306         0
    18/799        0G   0.06072    0.1011         0    0.1618       683       640    0.2582    0.2173    0.1196   0.02319   0.09866     0.381         0
    19/799        0G   0.05578    0.1063         0     0.162      1293       640    0.5225    0.2995    0.2599   0.07598   0.09334    0.3785         0
    20/799        0G   0.05656    0.1099         0    0.1665      1121       640    0.5254    0.3286     0.303    0.1028   0.09286    0.4102         0
    21/799        0G   0.05764    0.1036         0    0.1612       476       640    0.5956    0.3312    0.3271    0.1071   0.09138    0.4221         0
    22/799        0G   0.05335    0.1068         0    0.1602       732       640     0.471    0.3552    0.2997   0.09753   0.09226    0.4146         0
    23/799        0G   0.05446    0.1129         0    0.1674      1862       640    0.5328    0.3412    0.3062     0.104   0.09239      0.42         0
    24/799        0G   0.05406    0.1051         0    0.1592       763       640    0.5134    0.3615    0.3085   0.09995   0.09027    0.4335         0
    25/799        0G   0.05195    0.1142         0    0.1662       786       640    0.5482    0.3527    0.3247    0.1043   0.09366    0.4145         0
    26/799        0G   0.05098    0.1101         0    0.1611      1625       640    0.5905    0.3397    0.3188   0.09901    0.0909    0.4183         0
    27/799        0G   0.05229    0.1085         0    0.1607      1104       640    0.5409    0.3605    0.3235     0.108   0.09015    0.4261         0
    28/799        0G   0.05359    0.1005         0     0.154       783       640    0.4328    0.2567    0.2015   0.04987   0.09586    0.4044         0
    29/799        0G   0.05856    0.1059         0    0.1644       648       640    0.4535    0.3508    0.2992    0.1034   0.09672    0.3894         0
    30/799        0G   0.05501    0.1147         0    0.1697       721       640    0.5502    0.2804    0.2681   0.08791    0.0941    0.3979         0
    31/799        0G   0.05318    0.1157         0    0.1689       769       640    0.5376    0.3554    0.3241    0.1117   0.08858    0.4077         0
    32/799        0G   0.05062    0.1107         0    0.1613       635       640    0.5634    0.3613    0.3493    0.1119   0.08812    0.3949         0
    33/799        0G   0.05593    0.1143         0    0.1703       488       640    0.4316    0.2781    0.2464   0.07764   0.09617    0.4283         0
    34/799        0G   0.05467    0.1189         0    0.1735      1299       640    0.5151    0.3684     0.324    0.1086   0.09427    0.3772         0
    35/799        0G   0.05165    0.1154         0    0.1671      1165       640    0.5171     0.334    0.2938   0.08595   0.09813    0.3881         0
    36/799        0G   0.05089    0.1096         0    0.1605       547       640    0.5432    0.3699    0.3366    0.1101    0.0912    0.3885         0
    37/799        0G   0.04884    0.1114         0    0.1603       674       640    0.5564    0.3037    0.2814   0.08686   0.09281    0.3909         0
    38/799        0G   0.05317      0.12         0    0.1731       797       640     0.498    0.3726    0.3273     0.105   0.09341    0.4281         0
    39/799        0G   0.04908    0.1092         0    0.1583       715       640    0.5156    0.3037    0.2715   0.08569   0.09214    0.4098         0
    40/799        0G   0.04778    0.1176         0    0.1653       952       640    0.6369    0.3577    0.3575    0.1209   0.08894    0.4189         0
    41/799        0G   0.04714    0.1209         0    0.1681       722       640    0.5706    0.3317    0.3132     0.103   0.09049    0.4385         0
    42/799        0G   0.04767    0.1223         0      0.17      1180       640    0.5851    0.3464    0.3324    0.1046    0.0896    0.4401         0
    43/799        0G   0.04717    0.1193         0    0.1665      1921       640    0.5852    0.3347    0.3169    0.1034   0.09012    0.4443         0
    44/799        0G   0.04659    0.1175         0    0.1641      1224       640    0.5591    0.3405    0.3253    0.1085   0.08861    0.4529         0
    45/799        0G   0.04596    0.1146         0    0.1606       222       640    0.6057    0.3614    0.3574    0.1132   0.08823    0.4565         0
    46/799        0G    0.0488    0.1181         0    0.1669       887       640    0.5162    0.3661    0.3226    0.1018   0.08993    0.4979         0
    47/799        0G   0.04536    0.1176         0     0.163       909       640    0.5927    0.3692    0.3531    0.1127   0.08661    0.4693         0
    48/799        0G   0.04546    0.1213         0    0.1667      1009       640    0.5997    0.3715    0.3573    0.1193   0.08575    0.4654         0
    49/799        0G   0.04441    0.1289         0    0.1733       807       640    0.6146    0.3435    0.3469    0.1222   0.08532    0.4943         0
    50/799        0G   0.04591    0.1116         0    0.1575       693       640    0.5788    0.2831    0.2769   0.08814   0.08844    0.4879         0
    51/799        0G   0.04555    0.1202         0    0.1658      1104       640    0.5408     0.381    0.3406     0.114    0.0872    0.5029         0
    52/799        0G   0.04778    0.1243         0    0.1721       893       640    0.5622    0.4017    0.3659    0.1231   0.08685    0.5045         0
    53/799        0G    0.0442    0.1205         0    0.1647       782       640     0.595    0.3732    0.3585    0.1241   0.08479    0.5007         0
    54/799        0G   0.04364    0.1239         0    0.1675       581       640    0.6204    0.3852    0.3697    0.1271   0.08302    0.4937         0
    55/799        0G   0.04424    0.1158         0    0.1601       733       640    0.5638    0.4208    0.3818    0.1311   0.08394    0.4878         0
    56/799        0G   0.04483    0.1264         0    0.1712      1146       640    0.6817    0.3562    0.3739    0.1248   0.08435    0.5059         0
    57/799        0G   0.04272    0.1161         0    0.1588       345       640    0.5559    0.4013    0.3669    0.1237   0.08433    0.5075         0
    58/799        0G   0.04301    0.1152         0    0.1582       762       640    0.5489    0.4158     0.368    0.1295   0.08315    0.5195         0
    59/799        0G    0.0425    0.1233         0    0.1658       684       640    0.6421    0.4002    0.3891     0.131   0.08352    0.5067         0
    60/799        0G   0.04653    0.1217         0    0.1682       839       640    0.6189    0.4047    0.3841     0.127     0.084    0.5179         0
    61/799        0G   0.04221    0.1241         0    0.1663       871       640    0.5677    0.3939    0.3643    0.1297   0.08384    0.5148         0
    62/799        0G   0.04363    0.1178         0    0.1615      1180       640    0.5134    0.4109    0.3607    0.1234   0.08602    0.5204         0
    63/799        0G   0.04468    0.1169         0    0.1615      1095       640    0.5579    0.3871    0.3591    0.1231   0.08628    0.5291         0
    64/799        0G    0.0461    0.1212         0    0.1673       677       640    0.5718    0.4031    0.3808    0.1321    0.0827    0.5078         0
    65/799        0G   0.04259    0.1187         0    0.1613       656       640    0.5492    0.3956    0.3617    0.1295   0.08357    0.5074         0
    66/799        0G   0.04371    0.1137         0    0.1574       666       640    0.6014    0.3845    0.3713     0.128   0.08253    0.5001         0
    67/799        0G    0.0428    0.1201         0    0.1629      1067       640    0.5993    0.3891    0.3821    0.1321   0.08225    0.5137         0
    68/799        0G   0.04257    0.1235         0     0.166       637       640    0.5757    0.4055    0.3798    0.1354    0.0835    0.5189         0
    69/799        0G   0.04153     0.126         0    0.1675       789       640    0.5695    0.4021    0.3739    0.1284   0.08424    0.5112         0
    70/799        0G    0.0444    0.1207         0    0.1651       661       640    0.6277     0.391    0.3852    0.1309   0.08348    0.4976         0
    71/799        0G   0.04287    0.1306         0    0.1734      1012       640    0.5704    0.3692    0.3468    0.1163    0.0849    0.5013         0
    72/799        0G   0.04285    0.1245         0    0.1674       533       640    0.6183    0.4063    0.3887    0.1343   0.08467    0.5041         0
    73/799        0G   0.04268    0.1209         0    0.1636       963       640    0.5199    0.3887     0.338    0.1097   0.08665    0.5178         0
    74/799        0G   0.04559    0.1178         0    0.1633       694       640    0.5955    0.4327    0.4128    0.1411   0.08551    0.4993         0
    75/799        0G   0.04248    0.1245         0     0.167       944       640    0.5701    0.4409    0.4015      0.14   0.08557    0.5066         0
    76/799        0G   0.04245    0.1208         0    0.1632       584       640    0.6458    0.3856    0.3845    0.1359    0.0846    0.4953         0
    77/799        0G   0.04151     0.122         0    0.1635      1264       640    0.6206    0.4028    0.3903    0.1341   0.08315    0.5034         0
    78/799        0G   0.04322    0.1126         0    0.1558       295       640    0.5947    0.3718    0.3537    0.1219   0.08532    0.5158         0
    79/799        0G   0.04261    0.1308         0    0.1735      1306       640    0.5495    0.4047    0.3662    0.1221   0.08463    0.5234         0
    80/799        0G   0.04259    0.1131         0    0.1557      1265       640    0.5798    0.4097    0.3839    0.1302   0.08518    0.5147         0
    81/799        0G   0.04005    0.1193         0    0.1593       552       640    0.6215    0.3964    0.3807    0.1331   0.08458    0.5112         0
    82/799        0G     0.042    0.1196         0    0.1616       442       640    0.6303    0.3795    0.3678    0.1279    0.0844    0.5084         0
    83/799        0G   0.04229    0.1186         0    0.1609       683       640    0.6438    0.3607    0.3556    0.1212   0.08474    0.5122         0
    84/799        0G   0.04216     0.118         0    0.1602      1293       640    0.6101    0.3843    0.3756    0.1262   0.08423    0.4977         0
    85/799        0G   0.04124    0.1258         0    0.1671      1121       640    0.6015    0.4262    0.4083    0.1412   0.08444    0.4926         0
    86/799        0G    0.0405    0.1176         0    0.1581       476       640     0.587    0.3852    0.3707    0.1316     0.085    0.5219         0
    87/799        0G   0.04119     0.113         0    0.1542       732       640    0.6293    0.3849    0.3822    0.1313   0.08385    0.5251         0
    88/799        0G   0.04256    0.1223         0    0.1649      1862       640    0.6234    0.3416    0.3296     0.109   0.08642    0.5304         0
    89/799        0G   0.04179    0.1146         0    0.1564       763       640    0.5754    0.3879     0.359    0.1225   0.08558    0.5365         0
    90/799        0G   0.04071    0.1224         0    0.1631       786       640    0.6073    0.4178    0.3985    0.1407   0.08374    0.5044         0
    91/799        0G   0.04062    0.1179         0    0.1585      1625       640    0.6038    0.4254    0.4004    0.1347   0.08388    0.5041         0
    92/799        0G   0.04101    0.1158         0    0.1568      1104       640     0.632    0.4055     0.388    0.1321   0.08445    0.5029         0
    93/799        0G   0.03988    0.1056         0    0.1455       783       640    0.5717    0.4181    0.3813    0.1334   0.08416    0.5189         0
    94/799        0G   0.04117    0.1136         0    0.1548       648       640    0.6669    0.3814    0.3797    0.1307   0.08472    0.5192         0
    95/799        0G   0.04061    0.1176         0    0.1582       721       640    0.6689    0.3717    0.3722    0.1257   0.08449    0.5127         0
    96/799        0G   0.04194    0.1156         0    0.1575       769       640    0.5795     0.404    0.3807    0.1292   0.08524    0.5152         0
    97/799        0G   0.03995    0.1104         0    0.1503       635       640     0.635    0.3993    0.3927    0.1364   0.08404    0.5071         0
    98/799        0G   0.04137     0.111         0    0.1524       488       640    0.5989    0.4327    0.4047    0.1334   0.08434    0.4985         0
    99/799        0G   0.04146    0.1205         0     0.162      1299       640     0.626    0.4189    0.4013    0.1368   0.08423    0.5037         0
   100/799        0G   0.04146    0.1191         0    0.1606      1165       640    0.6368    0.4272     0.405    0.1378   0.08513    0.5186         0
   101/799        0G    0.0404    0.1123         0    0.1527       547       640    0.6216     0.423    0.3981    0.1382   0.08509    0.5227         0
   102/799        0G   0.03965    0.1121         0    0.1517       674       640    0.6353    0.4024    0.3923    0.1318   0.08541    0.5227         0
   103/799        0G   0.03995    0.1199         0    0.1598       797       640    0.5858    0.4212    0.3878    0.1297   0.08497    0.5306         0
   104/799        0G   0.04242    0.1092         0    0.1516       715       640      0.58    0.3581    0.3359    0.1111   0.08534    0.5181         0
   105/799        0G   0.04001    0.1186         0    0.1586       952       640    0.6589    0.3651    0.3651    0.1327    0.0833    0.5094         0
   106/799        0G   0.04055    0.1183         0    0.1589       722       640    0.6688    0.3776    0.3793    0.1345    0.0846    0.5234         0
   107/799        0G   0.03895    0.1198         0    0.1588      1180       640    0.6661    0.3936    0.3889    0.1386   0.08339    0.5042         0
   108/799        0G   0.04121     0.118         0    0.1592      1921       640    0.6189    0.4097    0.3881    0.1385   0.08474    0.5268         0
   109/799        0G   0.03908    0.1145         0    0.1536      1224       640     0.627    0.4086    0.3862    0.1376   0.08527    0.5238         0
   110/799        0G   0.03921    0.1091         0    0.1483       222       640    0.6182     0.415    0.3921    0.1361   0.08462    0.5494         0
   111/799        0G   0.04116    0.1115         0    0.1526       887       640    0.6389    0.4204    0.4045    0.1426   0.08433    0.5177         0
   112/799        0G   0.04006    0.1099         0    0.1499       909       640    0.6503    0.4151     0.404    0.1384   0.08496    0.5021         0
   113/799        0G   0.03934    0.1117         0    0.1511      1009       640    0.6447    0.4151     0.402    0.1399    0.0848    0.5042         0
   114/799        0G   0.03904    0.1184         0    0.1574       807       640    0.6103    0.4254    0.3988    0.1397   0.08401    0.5054         0
   115/799        0G   0.03919    0.1057         0    0.1449       693       640    0.6725    0.4063    0.4015    0.1425   0.08382    0.5076         0
   116/799        0G   0.04045    0.1153         0    0.1558      1104       640    0.6456    0.4166    0.3997    0.1404   0.08381    0.5039         0
   117/799        0G   0.03839    0.1173         0    0.1557       893       640    0.5076    0.4145    0.3583    0.1327   0.08385    0.5336         0
   118/799        0G   0.03989    0.1131         0     0.153       782       640      0.59    0.3798    0.3619    0.1316   0.08396    0.5455         0
   119/799        0G    0.0389    0.1171         0     0.156       581       640    0.5843    0.4304     0.395    0.1393   0.08398    0.5384         0
   120/799        0G   0.03906    0.1098         0    0.1489       733       640    0.6208    0.4361    0.4112    0.1429   0.08353    0.5353         0
   121/799        0G   0.03997    0.1194         0    0.1594      1146       640    0.6705    0.3963    0.3934    0.1392   0.08337     0.541         0
   122/799        0G   0.03867    0.1073         0    0.1459       345       640    0.6249    0.4158    0.4026    0.1414    0.0827     0.518         0
   123/799        0G   0.03821    0.1068         0     0.145       762       640     0.635     0.391    0.3863    0.1326   0.08336    0.5412         0
   124/799        0G   0.03904     0.116         0    0.1551       684       640    0.5694    0.4204    0.3857    0.1352   0.08258    0.5225         0
   125/799        0G   0.04019    0.1155         0    0.1557       839       640    0.6896    0.3799    0.3865    0.1361   0.08262     0.525         0
   126/799        0G   0.04044     0.116         0    0.1565       871       640    0.6329    0.4029    0.3927     0.139   0.08547    0.5166         0
   127/799        0G   0.03976    0.1109         0    0.1507      1180       640    0.6651    0.3944    0.3881     0.135    0.0863    0.5379         0
   128/799        0G   0.03966    0.1104         0    0.1501      1095       640    0.5845    0.4162    0.3787    0.1244   0.08656    0.5216         0
   129/799        0G    0.0385    0.1135         0     0.152       677       640    0.6465    0.4357    0.4193    0.1454   0.08371    0.5108         0
   130/799        0G   0.03918    0.1152         0    0.1543       792       640    0.6465      0.42    0.4136     0.141   0.08309    0.5132         0
   131/799        0G   0.03908    0.1042         0    0.1433      1133       640    0.6762    0.3956    0.4026    0.1381   0.08354    0.5191         0
   132/799        0G   0.04011    0.1107         0    0.1508       428       640    0.6914    0.4178    0.4255    0.1467   0.08435    0.5173         0
   133/799        0G   0.03783    0.1108         0    0.1486       465       640    0.6255     0.404     0.389    0.1324    0.0852    0.5437         0
   134/799        0G   0.03993      0.12         0      0.16       758       640    0.5933    0.4449    0.4121    0.1403   0.08428     0.519         0
   135/799        0G   0.03841    0.1101         0    0.1485       578       640    0.5773    0.4426     0.402    0.1375   0.08381    0.5208         0
   136/799        0G   0.03977    0.1067         0    0.1465       511       640    0.6719    0.4132    0.4089    0.1435   0.08334    0.5301         0
   137/799        0G   0.03799    0.1061         0    0.1441       494       640    0.6304    0.4223    0.4064    0.1375   0.08325    0.5304         0
   138/799        0G   0.04057    0.1171         0    0.1576      1036       640    0.6723    0.4065    0.4108    0.1408   0.08414    0.5383         0
   139/799        0G      0.04    0.1124         0    0.1524       702       640    0.6654    0.4021    0.3991    0.1324   0.08608    0.5251         0
   140/799        0G   0.04124    0.1204         0    0.1616      1227       640    0.5775    0.4373    0.3983    0.1347   0.08533    0.5334         0
   141/799        0G   0.03884    0.1083         0    0.1471       340       640    0.6898    0.4142    0.4244    0.1477   0.08366    0.5217         0
   142/799        0G   0.03932    0.1168         0    0.1562      1084       640    0.6484    0.4082    0.4048    0.1341   0.08498    0.5241         0
   143/799        0G   0.03991    0.1057         0    0.1457       563       640    0.6882     0.399    0.4024    0.1391   0.08472    0.5304         0
   144/799        0G    0.0404     0.117         0    0.1574      1264       640     0.587    0.4388    0.3993    0.1409   0.08492    0.5254         0
   145/799        0G   0.03909    0.1145         0    0.1536       616       640    0.6249    0.4074    0.3904    0.1319    0.0847    0.5177         0
   146/799        0G   0.03954    0.1134         0    0.1529       865       640    0.6669    0.4158    0.4051    0.1339    0.0843    0.5171         0
   147/799        0G   0.03998    0.1092         0    0.1492       775       640    0.6271    0.4128    0.3868    0.1298   0.08603     0.525         0
   148/799        0G   0.04009    0.1177         0    0.1578      1475       640    0.6496    0.4189    0.4029    0.1357   0.08479    0.5412         0
   149/799        0G   0.03804    0.1063         0    0.1443      1486       640    0.6755    0.4276    0.4134    0.1342   0.08468    0.5193         0
   150/799        0G   0.03929      0.11         0    0.1493       626       640    0.6307    0.4216    0.4051    0.1307   0.08524     0.528         0
   151/799        0G    0.0396    0.1031         0    0.1427       742       640    0.6788    0.4311    0.4228    0.1444     0.084    0.5213         0
   152/799        0G   0.03975    0.1142         0     0.154       566       640    0.6192    0.4445    0.4099     0.135   0.08468    0.5228         0
   153/799        0G   0.03808    0.1139         0     0.152       848       640    0.6807    0.4232    0.4112     0.139    0.0848    0.5191         0
   154/799        0G   0.03787    0.1109         0    0.1488      1549       640     0.686    0.4053    0.4007    0.1395   0.08422    0.5322         0
   155/799        0G   0.03897     0.113         0    0.1519       583       640    0.6369    0.4598    0.4303    0.1471    0.0833    0.5175         0
   156/799        0G   0.03932    0.1125         0    0.1518       730       640    0.6108    0.4384    0.4066     0.136    0.0848    0.5384         0
   157/799        0G   0.03823    0.1094         0    0.1476       697       640    0.6784    0.3948    0.3936    0.1335   0.08451    0.5261         0
   158/799        0G   0.03893    0.1156         0    0.1545       973       640    0.6066    0.4285    0.4008    0.1374   0.08465    0.5331         0
   159/799        0G   0.03928    0.1186         0    0.1579       654       640    0.6645    0.4124    0.4003    0.1355   0.08484    0.5121         0
   160/799        0G   0.03976    0.1244         0    0.1642       716       640    0.6992    0.4086    0.4106    0.1355    0.0857    0.5184         0
   161/799        0G    0.0382   0.09858         0    0.1368       935       640     0.629    0.4353    0.4107    0.1311   0.08604    0.5412         0
   162/799        0G   0.03833   0.09803         0    0.1364       709       640    0.6029    0.4464    0.4092    0.1343   0.08585    0.5355         0
   163/799        0G   0.03683    0.1115         0    0.1483       449       640       0.6    0.4422    0.4029    0.1353   0.08518    0.5203         0
   164/799        0G   0.03803      0.11         0    0.1481       767       640    0.6194    0.4499    0.4208     0.143   0.08448    0.5105         0
   165/799        0G   0.03744    0.1188         0    0.1562       973       640    0.6767    0.4063    0.4054    0.1385   0.08424    0.5192         0
   166/799        0G   0.03766    0.1126         0    0.1503       777       640    0.6664    0.3868    0.3859    0.1328   0.08457    0.5392         0
   167/799        0G   0.03792    0.1075         0    0.1454       735       640    0.6515    0.4027    0.4012    0.1389   0.08395    0.5275         0
   168/799        0G   0.04011    0.1173         0    0.1575       594       640    0.6484     0.419    0.4134    0.1451   0.08383    0.5137         0
   169/799        0G    0.0378    0.1138         0    0.1516       856       640    0.6407    0.4109    0.4023    0.1372   0.08425    0.5132         0
   170/799        0G   0.03817    0.1224         0    0.1605       926       640    0.6781    0.4093    0.4115    0.1417   0.08501    0.5339         0
   171/799        0G   0.03762     0.117         0    0.1546       893       640    0.6617    0.3986    0.3996    0.1388   0.08483    0.5302         0
   172/799        0G   0.03737     0.105         0    0.1423       831       640    0.6045    0.4239    0.4011    0.1359   0.08536    0.5276         0
   173/799        0G   0.03761    0.1175         0    0.1551      1614       640    0.5967    0.4384    0.4052    0.1375   0.08445    0.5264         0
   174/799        0G    0.0383   0.09991         0    0.1382       685       640    0.5821    0.4575    0.4105    0.1344   0.08461    0.5254         0
   175/799        0G   0.03781    0.1093         0    0.1472       522       640    0.5753    0.4231    0.3824    0.1231   0.08521    0.5305         0
   176/799        0G   0.03746    0.1217         0    0.1591      1605       640    0.6119    0.4438    0.4083    0.1367   0.08503    0.5273         0
   177/799        0G   0.03731    0.1124         0    0.1497       944       640    0.5974    0.4419    0.4045    0.1405   0.08478    0.5207         0
   178/799        0G   0.03669    0.1076         0    0.1443       326       640    0.6568    0.4116    0.4085    0.1374   0.08397    0.5242         0
   179/799        0G   0.03857    0.1068         0    0.1454       301       640    0.6704    0.4281    0.4217    0.1369   0.08493    0.5246         0
   180/799        0G   0.03936    0.1077         0    0.1471       630       640    0.6011    0.4346     0.401    0.1315   0.08512    0.5512         0
   181/799        0G   0.03678     0.104         0    0.1408       562       640    0.6787    0.4161    0.4127    0.1378   0.08503    0.5437         0
   182/799        0G   0.03743     0.111         0    0.1485       906       640    0.6354    0.4468    0.4156    0.1401   0.08422    0.5347         0
   183/799        0G   0.03774    0.1067         0    0.1445       842       640    0.6741    0.4147    0.4116    0.1394   0.08427    0.5346         0
   184/799        0G   0.03811    0.1141         0    0.1522       493       640    0.6582    0.4223    0.4115    0.1392   0.08474    0.5449         0
   185/799        0G   0.03701    0.1084         0    0.1454       767       640    0.6109    0.4315    0.4058    0.1352   0.08443    0.5437         0
   186/799        0G   0.03864    0.1138         0    0.1524       637       640    0.5563    0.4235    0.3756    0.1207   0.08498    0.5261         0
   187/799        0G   0.03841    0.1098         0    0.1482       868       640    0.6159     0.394    0.3732    0.1207   0.08606    0.5251         0
   188/799        0G   0.03763    0.1135         0    0.1511       498       640    0.6418    0.4236    0.4091    0.1399   0.08418    0.5188         0
   189/799        0G   0.03787    0.1116         0    0.1494       354       640    0.6006    0.4419    0.4059     0.137   0.08432    0.5439         0
   190/799        0G   0.03936    0.1152         0    0.1546      1133       640    0.6179    0.4556    0.4163    0.1326   0.08429    0.5325         0
   191/799        0G   0.03712    0.1013         0    0.1384       806       640    0.6038    0.4472    0.4063    0.1356   0.08397    0.5301         0
   192/799        0G   0.03705    0.1075         0    0.1445       402       640    0.6231    0.4556    0.4244    0.1437   0.08347    0.5313         0
   193/799        0G   0.03736    0.1058         0    0.1431       674       640    0.6877     0.417    0.4207    0.1421   0.08341    0.5378         0
   194/799        0G   0.03805    0.1112         0    0.1493      1123       640    0.6762    0.4067    0.4086    0.1369   0.08398    0.5281         0
   195/799        0G   0.03746    0.1013         0    0.1388       264       640    0.6962    0.4155     0.424    0.1407   0.08395    0.5187         0
   196/799        0G    0.0379    0.1001         0     0.138       659       640    0.6499    0.4392    0.4214    0.1451   0.08454    0.5318         0
   197/799        0G   0.03874    0.1096         0    0.1484      1548       640    0.7082    0.4131      0.42    0.1426   0.08471    0.5411         0
   198/799        0G   0.03645    0.1072         0    0.1437       278       640    0.6592    0.4078    0.3964    0.1369   0.08537    0.5517         0
   199/799        0G   0.03863    0.1112         0    0.1499       449       640    0.6786    0.4139    0.4079    0.1416   0.08511    0.5345         0
   200/799        0G   0.03827    0.1117         0    0.1499      1078       640    0.6575    0.4308    0.4135    0.1447   0.08457    0.5275         0
   201/799        0G   0.03735    0.1127         0      0.15       386       640    0.6664    0.4226      0.41    0.1407    0.0848    0.5279         0
   202/799        0G    0.0385    0.1085         0     0.147       456       640    0.6292    0.4495      0.42    0.1445   0.08509    0.5276         0
   203/799        0G   0.03733    0.1107         0     0.148      1090       640    0.6239    0.4303    0.4041    0.1377   0.08568    0.5215         0
   204/799        0G   0.03685    0.1032         0      0.14       501       640    0.5972    0.4464     0.402    0.1386   0.08588      0.53         0
   205/799        0G   0.03716    0.1076         0    0.1447      1430       640    0.5805    0.4342      0.39    0.1359   0.08574    0.5268         0
   206/799        0G   0.03679    0.1091         0    0.1458       474       640    0.6624    0.4185    0.4075      0.14   0.08511    0.5326         0
   207/799        0G    0.0371    0.1082         0    0.1453       694       640     0.586    0.4273    0.3855    0.1273   0.08611    0.5346         0
   208/799        0G   0.03901     0.108         0     0.147       874       640    0.6086    0.4591    0.4204    0.1428   0.08457    0.5373         0
   209/799        0G   0.03749    0.1117         0    0.1492       695       640    0.5926    0.4346    0.3979    0.1368   0.08431    0.5377         0
   210/799        0G    0.0362    0.1124         0    0.1486      1037       640    0.5892    0.4507    0.4031      0.14   0.08427    0.5322         0
   211/799        0G   0.03749    0.1186         0    0.1561      1276       640    0.6017    0.4415    0.4055    0.1373    0.0842     0.532         0
   212/799        0G   0.03727    0.1029         0    0.1401       783       640    0.5973    0.4342    0.3943    0.1335   0.08477     0.549         0
   213/799        0G   0.03618    0.1016         0    0.1378       638       640    0.5913    0.4304    0.3916    0.1328   0.08494    0.5406         0
   214/799        0G   0.03754    0.1112         0    0.1487      1179       640    0.5989    0.4407    0.4027    0.1331    0.0844    0.5316         0
   215/799        0G   0.03631    0.1064         0    0.1427       769       640    0.6925    0.3761    0.3771    0.1255   0.08409    0.5399         0
   216/799        0G   0.03659    0.1142         0    0.1508       684       640    0.6137    0.4346    0.4034    0.1335   0.08419    0.5468         0
   217/799        0G   0.03705    0.1073         0    0.1444      1043       640    0.5988    0.4422    0.4053    0.1369   0.08405    0.5527         0
   218/799        0G   0.03745    0.1156         0    0.1531      1300       640    0.6605     0.417     0.407    0.1412   0.08442    0.5556         0
   219/799        0G   0.03622    0.1058         0     0.142       614       640    0.7145    0.3994    0.4041    0.1394    0.0841    0.5718         0
   220/799        0G   0.03685    0.1054         0    0.1422       334       640    0.7031    0.4047    0.4091    0.1389   0.08381    0.5499         0
   221/799        0G   0.03691    0.1058         0    0.1427       645       640    0.6317    0.4434    0.4212    0.1445   0.08407    0.5463         0
   222/799        0G   0.03653    0.1108         0    0.1474       588       640    0.5879    0.4533    0.4097    0.1398    0.0848    0.5499         0
   223/799        0G   0.03743    0.1107         0    0.1482       650       640    0.6546    0.4219    0.4084    0.1412   0.08409    0.5553         0
   224/799        0G   0.03786    0.1111         0     0.149       637       640    0.6898    0.4331    0.4337     0.149   0.08362    0.5443         0
   225/799        0G    0.0366     0.109         0    0.1456       471       640    0.6338    0.4509    0.4268    0.1424   0.08406    0.5494         0
   226/799        0G   0.03727    0.1073         0    0.1446       784       640    0.6097    0.4575    0.4247    0.1454   0.08337    0.5413         0
   227/799        0G   0.03635    0.1125         0    0.1488       780       640    0.6258    0.4529    0.4228    0.1462   0.08296    0.5529         0
   228/799        0G    0.0372    0.1067         0    0.1439       645       640    0.6255    0.4484    0.4152    0.1413   0.08283    0.5501         0
   229/799        0G   0.03704    0.1076         0    0.1446      1546       640    0.6058    0.4472    0.4072    0.1361   0.08342    0.5609         0
   230/799        0G    0.0363    0.1065         0    0.1428       640       640    0.6664     0.422    0.4142    0.1423   0.08375    0.5548         0
   231/799        0G   0.03606    0.1042         0    0.1402      1031       640     0.708    0.4143      0.42    0.1449   0.08372    0.5455         0
   232/799        0G   0.03613    0.1126         0    0.1488       854       640    0.7087    0.4212    0.4286    0.1475   0.08374    0.5546         0
   233/799        0G   0.03641    0.1166         0    0.1531      1266       640    0.6263    0.4499    0.4217     0.143   0.08359    0.5647         0
   234/799        0G   0.03578    0.1069         0    0.1427       784       640     0.662    0.4093    0.3971     0.134   0.08413    0.5713         0
   235/799        0G   0.03656      0.11         0    0.1465       895       640    0.6946    0.4186    0.4152    0.1418   0.08395    0.5706         0
   236/799        0G   0.03601    0.1092         0    0.1453       829       640    0.6836    0.4059    0.4025    0.1394   0.08359    0.5441         0
   237/799        0G   0.03699      0.11         0     0.147       801       640    0.6634    0.4315    0.4174    0.1443   0.08402    0.5388         0
   238/799        0G   0.03648    0.1093         0    0.1457      1024       640    0.6546    0.4452    0.4252    0.1449   0.08417    0.5503         0
   239/799        0G   0.03647    0.1158         0    0.1523      1188       640    0.7097    0.4265     0.424    0.1456   0.08348    0.5542         0
   240/799        0G   0.03671    0.1096         0    0.1463       428       640    0.7102    0.4303    0.4267    0.1438   0.08352    0.5337         0
   241/799        0G   0.03629    0.1072         0    0.1434      1060       640    0.6925    0.4222    0.4129    0.1394   0.08371    0.5384         0
   242/799        0G   0.03671   0.09815         0    0.1349      1039       640    0.6765    0.4231    0.4149    0.1416   0.08372    0.5348         0
   243/799        0G    0.0369    0.1164         0    0.1533      1332       640    0.6854    0.4292    0.4271    0.1456   0.08379     0.533         0
   244/799        0G   0.03692    0.1065         0    0.1434       740       640    0.6217    0.4665     0.427    0.1448   0.08422    0.5401         0
   245/799        0G   0.03553    0.1054         0     0.141       875       640    0.6332    0.4701    0.4391     0.151   0.08398    0.5349         0
   246/799        0G    0.0361    0.1124         0    0.1485      1064       640    0.6996    0.4273    0.4195    0.1416   0.08358    0.5704         0
   247/799        0G   0.03615    0.1055         0    0.1416       816       640    0.6339    0.4572    0.4242    0.1414   0.08357    0.5689         0
   248/799        0G   0.03661    0.1033         0    0.1399       734       640    0.6446    0.4602    0.4332    0.1462   0.08332    0.5538         0
   249/799        0G   0.03566    0.1115         0    0.1472       353       640    0.6364     0.464    0.4349    0.1434   0.08345    0.5462         0
   250/799        0G   0.03721    0.1062         0    0.1434      1046       640     0.733      0.43    0.4386    0.1495   0.08307    0.5536         0
   251/799        0G   0.03592    0.1101         0    0.1461       564       640    0.7188    0.4246    0.4228    0.1448   0.08289    0.5529         0
   252/799        0G   0.03638    0.1121         0    0.1484      1040       640    0.7135    0.4273    0.4158    0.1425   0.08411    0.5551         0
