     0/299        0G   0.04229   0.08116         0    0.1235      1632       640    0.8726    0.6521    0.6663    0.3071   0.07597    0.3979         0
     1/299        0G   0.04332   0.07246         0    0.1158      2013       640    0.8725    0.6522    0.6673     0.321   0.07542    0.3987         0
     2/299        0G   0.04301   0.07919         0    0.1222      2283       640    0.8724    0.6609    0.6731    0.3224    0.0754    0.3977         0
     3/299        0G   0.04184   0.07755         0    0.1194      1373       640     0.867    0.6609    0.6698    0.3179   0.07569    0.3962         0
     4/299        0G   0.04096   0.08263         0    0.1236      1932       640     0.874    0.6608    0.6707    0.3135   0.07559    0.3948         0
     5/299        0G   0.04107   0.08295         0     0.124       964       640    0.8657    0.6695    0.6739    0.3193   0.07569    0.3948         0
     6/299        0G   0.03957   0.07553         0    0.1151      1701       640    0.8674    0.6609    0.6694    0.3172   0.07567    0.3944         0
     7/299        0G   0.04065   0.08485         0    0.1255      1987       640    0.8788    0.6695     0.678    0.3237    0.0753    0.3947         0
     8/299        0G   0.04088   0.07611         0     0.117      1755       640    0.8768    0.6677    0.6758    0.3227   0.07526    0.3943         0
     9/299        0G   0.03921   0.07154         0    0.1107      1321       640    0.8728    0.6638    0.6724    0.3162   0.07558    0.3932         0
    10/299        0G    0.0398   0.08108         0    0.1209      2157       640    0.8766    0.6666    0.6749    0.3224   0.07505    0.3944         0
    11/299        0G   0.04176   0.08124         0     0.123      1471       640    0.8731    0.6652     0.674    0.3277   0.07498    0.3952         0
    12/299        0G   0.04092    0.0752         0    0.1161      1545       640    0.8766    0.6666    0.6758    0.3215   0.07538    0.3951         0
    13/299        0G   0.04046   0.07319         0    0.1136      1741       640    0.8709    0.6724    0.6809    0.3271   0.07514    0.3956         0
    14/299        0G    0.0413   0.08294         0    0.1242      1632       640    0.8656    0.6696    0.6736    0.3275   0.07511    0.3947         0
    15/299        0G   0.04244   0.07319         0    0.1156      2013       640    0.8721    0.6693    0.6764     0.327   0.07521    0.3957         0
    16/299        0G   0.04229   0.07994         0    0.1222      2283       640    0.8694    0.6724    0.6774    0.3215   0.07523    0.3955         0
    17/299        0G   0.04111   0.07783         0    0.1189      1373       640    0.8825    0.6608    0.6749    0.3176   0.07538    0.3944         0
    18/299        0G   0.04035   0.08323         0    0.1236      1932       640    0.8781    0.6653    0.6727    0.3159   0.07531    0.3937         0
    19/299        0G   0.04065   0.08361         0    0.1243       964       640    0.8811    0.6638    0.6779    0.3213   0.07516     0.394         0
    20/299        0G     0.039    0.0758         0    0.1148      1701       640    0.8755    0.6695    0.6764    0.3217    0.0749    0.3926         0
    21/299        0G   0.04009   0.08519         0    0.1253      1987       640    0.8757    0.6709    0.6826    0.3265   0.07454    0.3923         0
    22/299        0G   0.04032   0.07663         0    0.1169      1755       640    0.8757     0.671    0.6789    0.3278   0.07439    0.3917         0
    23/299        0G    0.0387   0.07173         0    0.1104      1321       640    0.8738    0.6695    0.6772     0.317   0.07476      0.39         0
    24/299        0G   0.03931   0.08157         0    0.1209      2157       640    0.8771     0.671    0.6816    0.3284   0.07425    0.3913         0
    25/299        0G   0.04117   0.08165         0    0.1228      1471       640     0.872    0.6696    0.6794    0.3313   0.07423    0.3932         0
    26/299        0G   0.04051   0.07591         0    0.1164      1545       640    0.8802    0.6638     0.676    0.3228    0.0746    0.3925         0
    27/299        0G   0.04019    0.0739         0    0.1141      1741       640    0.8827    0.6622    0.6757    0.3294   0.07457    0.3929         0
    28/299        0G    0.0404   0.07221         0    0.1126      1785       640    0.8776    0.6638    0.6715     0.324   0.07454    0.3898         0
    29/299        0G   0.03974   0.08157         0    0.1213      1646       640    0.8689    0.6693    0.6732    0.3071     0.075    0.3868         0
    30/299        0G   0.04045   0.07436         0    0.1148      1588       640    0.8759    0.6724    0.6788    0.3192   0.07444    0.3884         0
    31/299        0G   0.04087   0.08217         0     0.123      1560       640    0.8684    0.6623    0.6711    0.3214   0.07441    0.3911         0
    32/299        0G   0.03923   0.07839         0    0.1176      1165       640     0.867    0.6623    0.6706    0.3264    0.0745    0.3929         0
    33/299        0G   0.04107   0.07184         0    0.1129      1306       640    0.8692    0.6638     0.674    0.3254   0.07429     0.393         0
    34/299        0G    0.0416   0.07256         0    0.1142      1743       640    0.8712    0.6652    0.6784    0.3247   0.07417     0.392         0
    35/299        0G   0.04049   0.07325         0    0.1137      1404       640    0.8687    0.6609    0.6685    0.3202    0.0741    0.3907         0
    36/299        0G   0.04028   0.08044         0    0.1207      1703       640    0.8664    0.6595    0.6692    0.3233   0.07404    0.3899         0
    37/299        0G   0.04072   0.07857         0    0.1193      1433       640    0.8692    0.6652    0.6721    0.3177   0.07443    0.3866         0
    38/299        0G   0.04031   0.07061         0    0.1109      1521       640    0.8799     0.666    0.6772    0.3237   0.07354    0.3873         0
    39/299        0G   0.04118   0.07171         0    0.1129      1351       640    0.8678    0.6633    0.6708    0.3266   0.07364    0.3904         0
    40/299        0G   0.04063   0.07319         0    0.1138      1700       640      0.87    0.6664     0.675    0.3197   0.07374    0.3904         0
    41/299        0G   0.03985   0.07504         0    0.1149      2126       640    0.8719    0.6696    0.6795    0.3229   0.07367    0.3911         0
    42/299        0G   0.04113   0.07023         0    0.1114      1689       640     0.874    0.6707    0.6798    0.3259    0.0732    0.3914         0
    43/299        0G   0.03976   0.07854         0    0.1183      1422       640    0.8771    0.6695    0.6779     0.322   0.07351    0.3888         0
    44/299        0G    0.0404   0.07952         0    0.1199      2178       640    0.8718    0.6681    0.6773    0.3278   0.07338    0.3906         0
    45/299        0G   0.03877   0.07438         0    0.1132      1473       640      0.87    0.6667    0.6714    0.3172   0.07394    0.3895         0
    46/299        0G   0.03955   0.07289         0    0.1124      1691       640    0.8761    0.6634    0.6757    0.3265   0.07356    0.3931         0
    47/299        0G   0.03885    0.0867         0    0.1256      1920       640    0.8756     0.671    0.6793    0.3281   0.07349    0.3916         0
    48/299        0G   0.03984   0.07696         0    0.1168      2311       640    0.8755     0.671    0.6814    0.3304   0.07338    0.3923         0
    49/299        0G   0.04082   0.07449         0    0.1153      1886       640    0.8766    0.6665     0.677    0.3334   0.07317    0.3956         0
    50/299        0G   0.04127   0.07969         0     0.121      1915       640     0.869    0.6609    0.6695    0.3278   0.07311    0.3949         0
    51/299        0G   0.03946   0.07354         0     0.113      1702       640    0.8796    0.6681    0.6796    0.3279     0.073    0.3892         0
    52/299        0G   0.03919   0.07612         0    0.1153      1850       640    0.8735    0.6638    0.6744     0.324   0.07313    0.3866         0
    53/299        0G   0.03903   0.08116         0    0.1202      1434       640    0.8752    0.6681    0.6775    0.3266   0.07307    0.3844         0
    54/299        0G   0.03936   0.08047         0    0.1198      1816       640    0.8768    0.6681    0.6748    0.3229   0.07343    0.3849         0
    55/299        0G   0.04013   0.08413         0    0.1243      2138       640    0.8776    0.6652    0.6733    0.3299   0.07307    0.3875         0
    56/299        0G   0.03927   0.07444         0    0.1137      1917       640    0.8742    0.6615    0.6713    0.3285   0.07306    0.3889         0
    57/299        0G    0.0389   0.07808         0     0.117      1193       640    0.8831    0.6609    0.6763    0.3295   0.07301    0.3902         0
    58/299        0G   0.04039   0.07918         0    0.1196      1415       640    0.8796    0.6667    0.6744    0.3304   0.07298    0.3933         0
    59/299        0G   0.03911   0.07658         0    0.1157      1783       640    0.8783    0.6681    0.6795    0.3313   0.07298    0.3929         0
    60/299        0G   0.03872   0.08421         0    0.1229      1575       640    0.8726    0.6652    0.6744    0.3294   0.07271    0.3904         0
    61/299        0G   0.03943   0.07541         0    0.1148      1650       640    0.8696    0.6667    0.6728    0.3341   0.07296    0.3924         0
    62/299        0G   0.03925   0.07464         0    0.1139      1940       640    0.8705     0.671    0.6752    0.3317   0.07324    0.3914         0
    63/299        0G    0.0399   0.08086         0    0.1208      1397       640    0.8669    0.6681    0.6722    0.3263   0.07295    0.3895         0
    64/299        0G   0.03879   0.08252         0    0.1213      2229       640    0.8563    0.6707    0.6741    0.3283   0.07295    0.3901         0
    65/299        0G   0.03883   0.08485         0    0.1237      2025       640    0.8673    0.6739    0.6775    0.3345   0.07266    0.3922         0
    66/299        0G   0.03911   0.07479         0    0.1139      1195       640     0.881    0.6739    0.6833    0.3397   0.07204    0.3942         0
    67/299        0G   0.03989   0.07992         0    0.1198      1464       640    0.8899    0.6768    0.6826    0.3377   0.07196    0.3933         0
    68/299        0G   0.03908   0.07944         0    0.1185      1155       640    0.8924    0.6705    0.6813    0.3379   0.07165    0.3942         0
    69/299        0G   0.03926   0.07637         0    0.1156      1079       640    0.8747    0.6753     0.682     0.337   0.07194    0.3934         0
    70/299        0G   0.03824   0.07747         0    0.1157      1366       640    0.8707    0.6707     0.676    0.3311   0.07209     0.392         0
    71/299        0G   0.03997   0.07655         0    0.1165      1139       640    0.8788    0.6724    0.6798    0.3365   0.07186     0.394         0
    72/299        0G    0.0396   0.07452         0    0.1141      1379       640    0.8768    0.6677    0.6808    0.3323    0.0718    0.3979         0
    73/299        0G    0.0384   0.08025         0    0.1187      1060       640    0.8766    0.6681    0.6748    0.3308   0.07192    0.3953         0
    74/299        0G   0.03769   0.07673         0    0.1144      1205       640    0.8742    0.6782    0.6829    0.3377   0.07164     0.394         0
    75/299        0G   0.03739    0.0786         0     0.116      1496       640    0.8698    0.6753     0.673    0.3264   0.07253    0.3895         0
    76/299        0G   0.04044    0.0823         0    0.1227      1358       640    0.8694    0.6724    0.6721    0.3353   0.07207    0.3926         0
    77/299        0G   0.03904   0.08135         0    0.1204      1803       640    0.8761    0.6753    0.6801    0.3357   0.07208       0.4         0
    78/299        0G   0.03887   0.08304         0    0.1219      1099       640    0.8807     0.671    0.6799    0.3384   0.07195    0.4012         0
    79/299        0G   0.03769   0.07981         0    0.1175      1726       640    0.8845    0.6753    0.6877    0.3406   0.07172    0.3966         0
    80/299        0G   0.03954   0.07338         0    0.1129      1448       640    0.8851    0.6696    0.6808    0.3368   0.07131     0.392         0
    81/299        0G   0.03941   0.08375         0    0.1232      2146       640    0.8824    0.6724    0.6821    0.3336   0.07162    0.3914         0
    82/299        0G   0.04004   0.07502         0    0.1151      2504       640    0.8752    0.6681    0.6753    0.3341   0.07128    0.3955         0
    83/299        0G   0.03924   0.07807         0    0.1173      1207       640     0.864    0.6638    0.6669    0.3309   0.07222    0.4008         0
    84/299        0G   0.03823   0.07476         0     0.113       902       640     0.863    0.6638    0.6652    0.3241   0.07203    0.3992         0
    85/299        0G   0.03828   0.07199         0    0.1103      1365       640    0.8649    0.6681    0.6685    0.3304    0.0714    0.4025         0
    86/299        0G    0.0394   0.07774         0    0.1171      1748       640    0.8801     0.678    0.6828    0.3412   0.07067    0.4017         0
    87/299        0G   0.03951   0.08247         0     0.122      1325       640    0.8858    0.6739    0.6828    0.3405   0.07041    0.3933         0
    88/299        0G    0.0396   0.08217         0    0.1218      1966       640    0.8739    0.6739    0.6769    0.3391   0.07075    0.3953         0
    89/299        0G   0.04041   0.07796         0    0.1184      1659       640    0.8711    0.6652    0.6757     0.332   0.07114    0.4018         0
    90/299        0G   0.03932    0.0872         0    0.1265       971       640    0.8804    0.6689    0.6818    0.3361   0.07145    0.4032         0
    91/299        0G   0.03986   0.07703         0    0.1169      1259       640    0.8752    0.6678    0.6762    0.3346   0.07081    0.4023         0
    92/299        0G   0.03959   0.07631         0    0.1159      1330       640    0.8666    0.6623    0.6672    0.3214   0.07097    0.4021         0
    93/299        0G   0.03889   0.08118         0    0.1201      1706       640    0.8672    0.6594    0.6678    0.3237   0.07111    0.4071         0
    94/299        0G   0.03893   0.07193         0    0.1109      1288       640    0.8716    0.6494    0.6589    0.3245    0.0706     0.405         0
    95/299        0G   0.03883   0.07952         0    0.1184      1443       640    0.8785    0.6679    0.6715    0.3309   0.06993    0.4034         0
    96/299        0G   0.03946   0.07634         0    0.1158      1400       640     0.874    0.6724    0.6733    0.3314   0.06963    0.4025         0
    97/299        0G   0.03888   0.07738         0    0.1163      2159       640    0.8912    0.6753    0.6805    0.3427   0.06948    0.4036         0
    98/299        0G   0.03799   0.07703         0     0.115      1364       640    0.8929    0.6739      0.68    0.3431   0.06946    0.3989         0
    99/299        0G   0.03849   0.08244         0    0.1209      2038       640    0.8859    0.6724      0.68    0.3387   0.07024    0.3979         0
   100/299        0G   0.04031   0.07847         0    0.1188      1655       640    0.8791    0.6623    0.6698    0.3327   0.07047    0.4016         0
   101/299        0G   0.03768   0.07458         0    0.1123      1053       640     0.885    0.6595    0.6703    0.3342    0.0708    0.4058         0
   102/299        0G   0.03886   0.07759         0    0.1164      1723       640    0.8728    0.6636    0.6672    0.3351   0.07102    0.4092         0
   103/299        0G   0.04058   0.07254         0    0.1131      1505       640    0.8761    0.6652    0.6683    0.3336   0.07128     0.405         0
   104/299        0G   0.03946   0.08683         0    0.1263      1688       640    0.8659    0.6638    0.6679     0.337   0.07113    0.4076         0
   105/299        0G   0.03853   0.08151         0      0.12      1737       640    0.8757    0.6709    0.6723    0.3292   0.07168    0.3972         0
   106/299        0G   0.03949   0.07807         0    0.1176      1369       640    0.8929    0.6753    0.6846    0.3437   0.07044    0.4037         0
   107/299        0G   0.03923   0.07845         0    0.1177      1875       640    0.8943    0.6715    0.6846    0.3361   0.07102    0.4044         0
   108/299        0G   0.04008   0.07549         0    0.1156      1222       640    0.8983    0.6752    0.6854    0.3421   0.07134    0.4091         0
   109/299        0G   0.03964    0.0737         0    0.1133      1544       640     0.903    0.6718    0.6838    0.3397   0.07069    0.4012         0
   110/299        0G    0.0396   0.06572         0    0.1053       811       640    0.8985    0.6681     0.682    0.3391   0.07042     0.405         0
   111/299        0G    0.0382   0.08682         0     0.125      1883       640    0.8935    0.6667      0.68    0.3357   0.07168    0.4047         0
   112/299        0G   0.03907   0.07561         0    0.1147      1055       640    0.8808    0.6623    0.6705    0.3358   0.07095    0.4042         0
   113/299        0G   0.04012   0.08098         0    0.1211      1831       640    0.8879    0.6638    0.6773    0.3337   0.07137    0.4094         0
   114/299        0G   0.03942   0.07762         0     0.117      1543       640    0.8824    0.6609    0.6732    0.3273   0.07178    0.4035         0
   115/299        0G   0.03705   0.08097         0     0.118      1195       640    0.8684    0.6665    0.6698    0.3294   0.07135    0.3984         0
   116/299        0G   0.03947   0.08104         0    0.1205      1908       640     0.866    0.6638    0.6682    0.3327   0.07098    0.4036         0
   117/299        0G   0.03886   0.07537         0    0.1142      1957       640    0.8795    0.6632    0.6705    0.3366   0.07096    0.3979         0
   118/299        0G   0.04039   0.07919         0    0.1196      1424       640    0.8887     0.668    0.6817    0.3385   0.07085    0.3998         0
   119/299        0G   0.03917   0.08039         0    0.1196      1013       640    0.8654    0.6522     0.658    0.3097   0.07231    0.4063         0
   120/299        0G   0.03918   0.08445         0    0.1236      1526       640    0.8685    0.6494    0.6588    0.3312   0.07172    0.3988         0
   121/299        0G   0.03844   0.06278         0    0.1012      1039       640    0.8771    0.6595    0.6728     0.336   0.07159    0.4009         0
   122/299        0G   0.03819    0.0681         0    0.1063       660       640    0.8691    0.6608    0.6687    0.3383   0.07126    0.4037         0
   123/299        0G   0.03988   0.07975         0    0.1196      1609       640     0.889    0.6724    0.6821    0.3349    0.0716    0.4057         0
   124/299        0G   0.03715   0.07505         0    0.1122      1296       640    0.8863    0.6753    0.6836    0.3381   0.07068    0.4028         0
   125/299        0G    0.0396   0.07612         0    0.1157      1525       640    0.8725    0.6652    0.6713    0.3318   0.07142    0.4079         0
   126/299        0G   0.03921   0.07746         0    0.1167      1526       640     0.874    0.6708    0.6727    0.3207   0.07102    0.4001         0
   127/299        0G   0.03923   0.08095         0    0.1202      1500       640    0.8562    0.6537    0.6531    0.3263   0.07079    0.4024         0
   128/299        0G    0.0392   0.09165         0    0.1308      2109       640    0.8593    0.6537     0.656    0.3249   0.07068    0.4104         0
   129/299        0G   0.03768    0.0718         0    0.1095      1588       640    0.8858    0.6724    0.6817    0.3403   0.06979    0.4106         0
   130/299        0G   0.03939   0.08274         0    0.1221      2419       640    0.8771    0.6724    0.6814    0.3357   0.06975    0.4122         0
   131/299        0G   0.03908   0.08563         0    0.1247      1789       640    0.8813    0.6753    0.6822    0.3354   0.06969     0.399         0
   132/299        0G   0.03804   0.07641         0    0.1145      1228       640    0.8865    0.6681    0.6807     0.342   0.06984    0.4035         0
   133/299        0G   0.03832   0.07166         0      0.11      1285       640     0.892    0.6796    0.6935    0.3456   0.06946    0.4088         0
   134/299        0G   0.03797   0.07648         0    0.1145      1836       640    0.8954    0.6796    0.6899    0.3377   0.06975     0.402         0
   135/299        0G   0.03894   0.09139         0    0.1303      1327       640    0.8882    0.6764    0.6859     0.341   0.06996    0.3953         0
   136/299        0G   0.03845   0.07108         0    0.1095      1160       640    0.8927    0.6724    0.6835    0.3408   0.07043    0.3958         0
   137/299        0G   0.03911   0.08192         0     0.121      1671       640    0.8866    0.6667    0.6744    0.3398   0.07004    0.4006         0
   138/299        0G   0.03903   0.09073         0    0.1298      1705       640     0.884    0.6609    0.6699    0.3364    0.0704    0.4058         0
   139/299        0G    0.0384   0.08037         0    0.1188      1325       640    0.8822    0.6595    0.6686    0.3361   0.06987    0.4035         0
   140/299        0G   0.03726   0.07516         0    0.1124      1752       640    0.8869    0.6681    0.6795     0.341      0.07    0.4047         0
   141/299        0G   0.03745   0.09231         0    0.1298      1849       640     0.897    0.6662    0.6831    0.3375   0.06934     0.401         0
   142/299        0G   0.03806   0.07119         0    0.1093      1246       640    0.9011    0.6724    0.6885    0.3409   0.06899    0.4032         0
   143/299        0G   0.03782   0.07143         0    0.1092      1141       640    0.8962    0.6652    0.6808    0.3355   0.06927    0.4102         0
   144/299        0G   0.03788   0.07349         0    0.1114      1369       640    0.8938    0.6681    0.6825    0.3375   0.06903    0.4133         0
   145/299        0G   0.03778    0.0837         0    0.1215      1939       640    0.9028    0.6724    0.6882    0.3372   0.06892    0.4081         0
   146/299        0G   0.03883   0.07815         0     0.117      1786       640     0.895    0.6767    0.6867    0.3395   0.06887    0.4076         0
   147/299        0G   0.03814   0.08137         0    0.1195      1516       640    0.8921    0.6681     0.682    0.3259   0.06954    0.4103         0
   148/299        0G   0.03851   0.07488         0    0.1134       993       640    0.8956    0.6566    0.6745    0.3253   0.06937    0.4068         0
   149/299        0G   0.03779   0.07745         0    0.1152       765       640    0.8995    0.6588    0.6764    0.3313   0.06969     0.409         0
   150/299        0G   0.03731    0.0765         0    0.1138      1378       640    0.8942    0.6708    0.6826    0.3356   0.06889    0.4098         0
   151/299        0G   0.03809   0.08067         0    0.1188      1686       640    0.8904     0.671    0.6844    0.3358   0.06917    0.4071         0
   152/299        0G   0.03947   0.08214         0    0.1216      1421       640     0.894    0.6694     0.684    0.3371   0.06908    0.4119         0
   153/299        0G   0.03754   0.08028         0    0.1178      1951       640    0.8912    0.6738    0.6824    0.3346    0.0693    0.4158         0
   154/299        0G   0.04032   0.07555         0    0.1159      2002       640    0.8906     0.671    0.6788    0.3282   0.06949    0.4174         0
   155/299        0G   0.03641   0.07389         0    0.1103      1357       640       0.9    0.6782    0.6859    0.3382   0.06856    0.4197         0
   156/299        0G   0.03701   0.07969         0    0.1167      2041       640    0.9013     0.685    0.6957    0.3487   0.06872    0.4122         0
   157/299        0G   0.03754   0.08878         0    0.1263      2281       640    0.8899    0.6883      0.69    0.3404   0.06866    0.4112         0
   158/299        0G   0.03787   0.07673         0    0.1146      1902       640    0.8981    0.6768    0.6875    0.3367   0.06947    0.4144         0
   159/299        0G   0.03643   0.08035         0    0.1168      1817       640    0.8844    0.6883    0.6899    0.3445   0.06945    0.4142         0
   160/299        0G   0.03953   0.07267         0    0.1122      1569       640    0.8984    0.6768    0.6859    0.3399   0.06975    0.4259         0
   161/299        0G   0.03795    0.0795         0    0.1174      1971       640    0.8897    0.6768    0.6857    0.3515   0.06922    0.4202         0
   162/299        0G   0.03822   0.08348         0    0.1217      2007       640    0.8896    0.6768    0.6847    0.3417    0.0696    0.4202         0
   163/299        0G   0.03766   0.08472         0    0.1224      1952       640     0.892    0.6794    0.6891    0.3429   0.06915    0.4138         0
   164/299        0G   0.03806   0.07359         0    0.1116       921       640    0.9032    0.6739    0.6933    0.3487   0.06917    0.4101         0
   165/299        0G   0.03673   0.07773         0    0.1145      1111       640    0.8944    0.6854    0.6941     0.349   0.06913    0.4132         0
   166/299        0G   0.03639   0.07381         0    0.1102       988       640    0.8975    0.6869    0.6965     0.349   0.06924    0.4125         0
   167/299        0G   0.03772   0.07808         0    0.1158      2023       640    0.8943     0.684    0.6949    0.3353   0.06964    0.4163         0
   168/299        0G   0.03824   0.08064         0    0.1189      1535       640    0.8782    0.6768    0.6809    0.3472    0.0694    0.4082         0
   169/299        0G   0.03788   0.08542         0    0.1233      1768       640    0.8914    0.6866    0.6924    0.3451   0.07004    0.4049         0
   170/299        0G   0.04057    0.0821         0    0.1227      1452       640    0.8817    0.6782    0.6852    0.3386   0.06957    0.4155         0
   171/299        0G   0.03812   0.07742         0    0.1155      1231       640    0.8887    0.6825    0.6883    0.3479   0.06906    0.4184         0
   172/299        0G   0.03715   0.06971         0    0.1069      1624       640    0.8937    0.6796    0.6872    0.3478   0.06891    0.4186         0
   173/299        0G   0.03697   0.08018         0    0.1172      1165       640    0.8899    0.6882    0.6911     0.347   0.06827    0.4103         0
   174/299        0G   0.03827   0.08432         0    0.1226      1886       640    0.8973    0.6811    0.6933     0.345   0.06918    0.4103         0
   175/299        0G   0.03939    0.0745         0    0.1139      1168       640    0.9042    0.6811    0.6935    0.3437    0.0689    0.4095         0
   176/299        0G   0.03656   0.08168         0    0.1182      2107       640    0.8882    0.6854    0.6909    0.3281   0.06938     0.415         0
   177/299        0G   0.03794   0.07834         0    0.1163      1317       640    0.8966    0.6883    0.6962    0.3479   0.06891    0.4129         0
   178/299        0G   0.03778   0.08153         0    0.1193      1607       640    0.8968    0.6897    0.6932    0.3468    0.0683    0.4146         0
   179/299        0G   0.03773   0.07235         0    0.1101      1874       640    0.8986    0.6912    0.6987    0.3497   0.06858    0.4143         0
